KBOS,2015-4-1,47,30,38.42,0.00,18,30.15
KBOS,2015-4-2,59,31,45.22,0.00,24,30.23
KBOS,2015-4-3,59,45,52.54,0.00,22,29.84
KBOS,2015-4-4,50,37,45.79,0.42,30,30.06
KBOS,2015-4-5,49,32,39.42,0.00,25,30.24
KBOS,2015-4-6,42,36,39.48,0.00,15,30.38
KBOS,2015-4-7,42,37,39.27,0.00,14,30.38
KBOS,2015-4-8,40,35,36.42,0.03,24,30.49
KBOS,2015-4-9,37,34,35.62,0.34,23,30.4
KBOS,2015-4-10,55,36,42.23,0.09,17,30.28
KBOS,2015-4-11,56,42,51.04,0.01,26,30.08
KBOS,2015-4-12,68,40,52.92,0.00,16,30.27
KBOS,2015-4-13,69,43,56.38,0.00,20,30.34
KBOS,2015-4-14,65,52,59.48,0.00,24,30.11
KBOS,2015-4-15,66,50,58.25,0.01,20,30.35
KBOS,2015-4-16,58,41,49.17,0.00,20,30.48
KBOS,2015-4-17,64,48,55.96,0.03,20,30.22
KBOS,2015-4-18,59,43,50.79,0.03,16,30.07
KBOS,2015-4-19,49,42,46.17,0.00,20,30.27
KBOS,2015-4-20,52,41,44.74,0.00,22,30.23
KBOS,2015-4-21,65,46,54.64,1.14,17,29.73
KBOS,2015-4-22,67,43,54.74,0.01,32,29.78
KBOS,2015-4-23,50,39,45.42,0.00,22,29.68
KBOS,2015-4-24,50,37,43.2,0.00,20,29.77
KBOS,2015-4-25,56,36,45.58,0.00,18,29.77
KBOS,2015-4-26,55,43,48.42,0.00,13,29.7
KBOS,2015-4-27,57,45,51,0.00,20,29.61
KBOS,2015-4-28,64,43,50.03,0.17,22,29.75
KBOS,2015-4-29,54,48,50.63,0.00,14,29.78
KBOS,2015-4-30,55,44,48.87,0.00,15,29.96
KBOS,2015-5-1,48,40,44.5,0.00,16,30
KBOS,2015-5-2,50,39,44.21,0.00,13,30.02
KBOS,2015-5-3,66,46,54.29,0.00,16,30.13
KBOS,2015-5-4,82,50,66.46,0.00,23,30.17
KBOS,2015-5-5,69,54,63.21,0.00,20,30.2
KBOS,2015-5-6,72,53,62,0.02,16,30.29
KBOS,2015-5-7,78,54,66.33,0.00,20,30.19
KBOS,2015-5-8,71,46,55.65,0.00,20,30.3
KBOS,2015-5-9,71,46,54.5,0.00,17,30.35
KBOS,2015-5-10,88,60,72.59,0.00,20,30.2
KBOS,2015-5-11,79,50,60.53,0.00,20,30.12
KBOS,2015-5-12,84,48,59.08,0.02,20,30.01
KBOS,2015-5-13,67,54,60.87,0.00,20,30.2
KBOS,2015-5-14,68,50,57.75,0.00,15,30.32
KBOS,2015-5-15,66,52,59.17,0.00,15,30.29
KBOS,2015-5-16,69,56,62.27,0.00,15,30.19
KBOS,2015-5-17,66,52,58.92,0.01,14,30.2
KBOS,2015-5-18,57,48,51.74,0.00,14,30.27
KBOS,2015-5-19,64,52,58.71,0.01,16,30.07
KBOS,2015-5-20,65,53,59.6,0.26,21,29.9
KBOS,2015-5-21,66,49,57.08,0.00,15,29.96
KBOS,2015-5-22,74,52,62.58,0.00,22,30.04
KBOS,2015-5-23,64,44,54.88,0.00,20,30.31
KBOS,2015-5-24,82,51,67.83,0.00,23,30.27
KBOS,2015-5-25,79,58,69.63,0.00,20,30.22
KBOS,2015-5-26,86,64,74.35,0.00,21,30.14
KBOS,2015-5-27,84,65,73.71,0.00,26,30.14
KBOS,2015-5-28,86,64,73.27,0.00,20,30.19
KBOS,2015-5-29,71,55,63.07,0.00,16,30.29
KBOS,2015-5-30,87,58,72.33,0.00,24,30.2
KBOS,2015-5-31,77,48,58.1,0.25,26,30.26
KBOS,2015-6-1,49,46,47.8,0.00,20,30.25
KBOS,2015-6-2,49,46,47.19,0.88,18,30.2
KBOS,2015-6-3,55,46,50.23,0.15,14,30.29
KBOS,2015-6-4,57,49,52.88,0.00,15,30.33
KBOS,2015-6-5,58,51,54.54,0.01,18,30.22
KBOS,2015-6-6,66,52,58.78,0.09,15,30.06
KBOS,2015-6-7,66,54,59,0.00,16,30.21
KBOS,2015-6-8,76,53,64.75,0.00,26,30.11
KBOS,2015-6-9,76,64,69.38,0.00,21,29.77
KBOS,2015-6-10,82,63,72.17,0.00,17,29.83
KBOS,2015-6-11,87,64,77.09,0.00,20,29.89
KBOS,2015-6-12,79,66,72.17,0.00,17,29.99
KBOS,2015-6-13,84,66,72.66,0.00,17,29.97
KBOS,2015-6-14,74,62,68.22,0.00,15,30.1
KBOS,2015-6-15,63,54,55.97,0.15,16,30.12
KBOS,2015-6-16,70,56,61.82,0.25,9,29.99
KBOS,2015-6-17,67,61,64.28,0.00,20,30.16
KBOS,2015-6-18,74,57,65.35,0.00,15,30.12
KBOS,2015-6-19,83,63,68.93,0.00,16,30.03
KBOS,2015-6-20,74,59,64.31,0.00,15,30.13
KBOS,2015-6-21,75,60,66.49,0.88,14,29.94
KBOS,2015-6-22,75,61,64.42,0.88,13,29.97
KBOS,2015-6-23,86,60,74.04,0.00,22,29.94
KBOS,2015-6-24,84,67,75.58,0.01,16,29.95
KBOS,2015-6-25,80,65,72.63,0.00,13,30.01
KBOS,2015-6-26,71,60,65.55,0.00,15,30.07
KBOS,2015-6-27,67,57,62.56,0.00,18,30.17
KBOS,2015-6-28,59,53,57.37,1.07,29,30.05
KBOS,2015-6-29,72,53,60.94,0.56,12,29.92
KBOS,2015-6-30,74,60,67.71,0.00,12,29.99
KBOS,2015-7-1,82,63,69.56,0.16,20,29.91
KBOS,2015-7-2,78,65,72.46,0.38,13,29.87
KBOS,2015-7-3,76,63,69.63,0.00,13,29.98
KBOS,2015-7-4,72,62,66.09,0.00,8,29.99
KBOS,2015-7-5,83,61,72.19,0.00,12,30.11
KBOS,2015-7-6,79,69,74.13,0.00,13,30.15
KBOS,2015-7-7,84,66,74.03,0.00,18,30.1
KBOS,2015-7-8,88,71,79.38,0.02,15,29.98
KBOS,2015-7-9,69,63,66.05,0.00,13,30.01
KBOS,2015-7-10,77,60,67.71,1.27,14,29.94
KBOS,2015-7-11,83,68,76.17,0.00,10,30.02
KBOS,2015-7-12,88,72,80.3,0.00,12,29.98
KBOS,2015-7-13,76,68,71.92,0.00,13,29.93
KBOS,2015-7-14,81,66,72.12,0.00,17,29.83
KBOS,2015-7-15,81,67,72.68,0.03,15,29.87
KBOS,2015-7-16,67,59,64.26,0.00,17,30.05
KBOS,2015-7-17,75,61,67.88,0.00,17,30.1
KBOS,2015-7-18,76,64,70.74,0.14,17,30.02
KBOS,2015-7-19,89,71,78.63,0.00,15,29.85
KBOS,2015-7-20,91,71,82.19,0.00,16,29.69
KBOS,2015-7-21,81,73,76.3,0.00,14,29.64
KBOS,2015-7-22,83,70,75.79,0.00,18,29.79
KBOS,2015-7-23,80,67,73.71,0.00,12,29.86
KBOS,2015-7-24,79,66,71.08,0.00,16,29.92
KBOS,2015-7-25,69,62,64.59,0.01,15,30.04
KBOS,2015-7-26,78,63,69.78,0.00,14,30.03
KBOS,2015-7-27,84,68,75.5,0.02,17,30.01
KBOS,2015-7-28,83,70,75.44,0.04,14,29.97
KBOS,2015-7-29,92,71,82.08,0.00,13,29.94
KBOS,2015-7-30,89,74,81.15,0.00,22,29.87
KBOS,2015-7-31,89,73,80.29,0.02,18,29.79
KBOS,2015-8-1,89,69,78.26,0.00,25,29.8
KBOS,2015-8-2,86,68,77.83,0.00,18,29.88
KBOS,2015-8-3,90,68,78.91,0.00,21,29.85
KBOS,2015-8-4,88,66,74.03,0.01,17,29.86
KBOS,2015-8-5,85,66,75.96,0.48,20,29.87
KBOS,2015-8-6,81,65,73.42,0.00,13,29.91
KBOS,2015-8-7,73,64,68.38,0.00,15,29.95
KBOS,2015-8-8,74,61,67.57,0.00,12,30
KBOS,2015-8-9,72,62,66.31,0.00,18,30.03
KBOS,2015-8-10,82,63,71.21,0.00,16,30.05
KBOS,2015-8-11,72,65,68.51,0.00,17,29.99
KBOS,2015-8-12,85,68,74.58,0.83,13,29.86
KBOS,2015-8-13,80,67,72.14,0.00,15,30.07
KBOS,2015-8-14,84,64,75.46,0.00,16,30.12
KBOS,2015-8-15,90,68,76.1,0.00,14,30.08
KBOS,2015-8-16,88,68,75.92,0.08,16,30.08
KBOS,2015-8-17,90,72,81.13,0.00,14,30.06
KBOS,2015-8-18,86,71,77.24,0.00,28,30.01
KBOS,2015-8-19,86,71,76.56,0.14,15,30.08
KBOS,2015-8-20,77,69,71.85,0.00,20,30.1
KBOS,2015-8-21,81,66,71.49,0.02,13,30.03
KBOS,2015-8-22,73,66,69.42,0.61,14,30.09
KBOS,2015-8-23,70,66,68.93,0.01,12,30.04
KBOS,2015-8-24,74,68,70.28,0.01,12,29.94
KBOS,2015-8-25,80,67,71.57,0.00,15,29.89
KBOS,2015-8-26,84,70,75.68,0.00,12,29.93
KBOS,2015-8-27,82,66,73.17,0.00,13,30.05
KBOS,2015-8-28,74,64,69.63,0.00,14,30.14
KBOS,2015-8-29,81,64,73.29,0.00,13,30.17
KBOS,2015-8-30,88,69,77.83,0.00,15,30.06
KBOS,2015-8-31,88,71,80.91,0.00,20,29.98
KBOS,2015-9-1,78,70,73.57,0.00,15,30.04
KBOS,2015-9-2,90,67,78.46,0.00,13,30.02
KBOS,2015-9-3,81,71,75.04,0.00,9,29.92
KBOS,2015-9-4,73,62,67.23,0.01,23,30.25
KBOS,2015-9-5,72,58,65.75,0.00,13,30.29
KBOS,2015-9-6,81,61,71.8,0.00,16,30.2
KBOS,2015-9-7,93,66,79.04,0.00,18,30.08
KBOS,2015-9-8,94,73,80.04,0.00,15,29.95
KBOS,2015-9-9,93,73,82.25,0.20,20,29.92
KBOS,2015-9-10,77,64,70.69,0.00,18,29.88
KBOS,2015-9-11,72,63,65.24,0.83,20,29.8
KBOS,2015-9-12,70,62,65.6,0.00,14,29.87
KBOS,2015-9-13,66,63,64.05,0.01,16,29.77
KBOS,2015-9-14,72,57,64.88,0.38,21,30.05
KBOS,2015-9-15,83,62,72.29,0.00,15,30.23
KBOS,2015-9-16,80,66,72.29,0.00,12,30.3
KBOS,2015-9-17,88,65,76.25,0.00,14,30.17
KBOS,2015-9-18,85,65,73.68,0.00,14,30.02
KBOS,2015-9-19,78,62,68.26,0.00,16,29.98
KBOS,2015-9-20,75,59,69.5,0.00,17,30.11
KBOS,2015-9-21,66,53,59.83,0.00,18,30.28
KBOS,2015-9-22,68,58,63.08,0.00,15,30.32
KBOS,2015-9-23,67,54,61.57,0.00,10,30.26
KBOS,2015-9-24,73,59,64.75,0.00,15,30.37
KBOS,2015-9-25,66,56,60.46,0.00,15,30.42
KBOS,2015-9-26,63,51,57,0.00,16,30.51
KBOS,2015-9-27,64,48,57.26,0.00,14,30.5
KBOS,2015-9-28,77,57,67.04,0.00,15,30.32
KBOS,2015-9-29,83,66,71.35,0.00,18,30.12
KBOS,2015-9-30,77,58,70.06,0.68,30,29.94
