KCVG,2015-4-1,66,34,50.33,0.00,12,29.21
KCVG,2015-4-2,65,50,59.03,0.00,17,29.09
KCVG,2015-4-3,64,45,55.96,1.91,35,29.09
KCVG,2015-4-4,53,33,43.52,0.28,17,29.39
KCVG,2015-4-5,62,35,48.86,0.00,16,29.32
KCVG,2015-4-6,68,47,58,0.00,21,29.16
KCVG,2015-4-7,66,55,60.68,0.14,10,29.13
KCVG,2015-4-8,71,55,60.18,0.07,26,29.13
KCVG,2015-4-9,75,59,67.67,0.45,16,29.03
KCVG,2015-4-10,72,53,59.92,0.43,37,29.11
KCVG,2015-4-11,62,38,51.29,0.00,16,29.34
KCVG,2015-4-12,73,44,58.88,0.00,12,29.28
KCVG,2015-4-13,77,55,65.83,0.00,17,29.17
KCVG,2015-4-14,63,55,60.31,0.00,25,29.22
KCVG,2015-4-15,64,53,57.64,0.00,18,29.23
KCVG,2015-4-16,72,56,62.69,0.01,23,29.19
KCVG,2015-4-17,75,59,64.97,0.14,8,29.18
KCVG,2015-4-18,78,51,66.79,0.00,15,29.12
KCVG,2015-4-19,68,59,63.92,0.00,21,28.99
KCVG,2015-4-20,62,48,57.07,0.79,24,28.84
KCVG,2015-4-21,64,41,53,0.01,24,28.86
KCVG,2015-4-22,54,42,47.53,0.08,23,28.97
KCVG,2015-4-23,56,35,46.29,0.02,20,29.12
KCVG,2015-4-24,61,33,49.58,0.00,9,29.19
KCVG,2015-4-25,55,43,47.24,0.02,20,28.93
KCVG,2015-4-26,59,41,50,0.66,16,28.96
KCVG,2015-4-27,61,36,50.38,0.00,16,29.11
KCVG,2015-4-28,63,41,52.46,0.00,12,29.16
KCVG,2015-4-29,68,44,57.04,0.00,12,28.98
KCVG,2015-4-30,60,48,53.19,0.00,28,29.03
KCVG,2015-5-1,72,47,58.87,0.12,14,29.13
KCVG,2015-5-2,74,47,61.83,0.00,9,29.18
KCVG,2015-5-3,76,48,64.21,0.00,14,29.18
KCVG,2015-5-4,80,58,69.22,0.00,14,29.25
KCVG,2015-5-5,81,58,71.33,0.00,9,29.32
KCVG,2015-5-6,85,57,72.29,0.00,9,29.27
KCVG,2015-5-7,86,63,74.29,0.00,8,29.18
KCVG,2015-5-8,86,59,74.13,0.00,13,29.15
KCVG,2015-5-9,85,63,74.96,0.00,17,29.15
KCVG,2015-5-10,82,67,74.92,0.00,16,29.14
KCVG,2015-5-11,85,64,72.42,0.00,22,29.14
KCVG,2015-5-12,70,54,62.28,0.28,21,29.3
KCVG,2015-5-13,68,43,57.38,0.00,13,29.43
KCVG,2015-5-14,69,48,59.75,0.00,16,29.43
KCVG,2015-5-15,81,58,70.97,0.00,17,29.21
KCVG,2015-5-16,75,65,69.68,0.35,13,29.2
KCVG,2015-5-17,81,67,74.22,0.10,16,29.2
KCVG,2015-5-18,75,67,71.41,0.03,12,29.2
KCVG,2015-5-19,69,54,63.39,0.00,14,29.19
KCVG,2015-5-20,62,44,53.5,0.00,14,29.21
KCVG,2015-5-21,58,48,52.79,0.01,14,29.18
KCVG,2015-5-22,74,43,59.43,0.00,14,29.33
KCVG,2015-5-23,79,50,65.04,0.00,9,29.44
KCVG,2015-5-24,83,60,71.83,0.00,18,29.33
KCVG,2015-5-25,76,64,70.07,0.00,17,29.21
KCVG,2015-5-26,83,65,71.83,0.00,22,29.17
KCVG,2015-5-27,81,65,71.24,0.39,17,29.2
KCVG,2015-5-28,81,62,69.72,0.03,7,29.27
KCVG,2015-5-29,83,66,72.96,0.21,15,29.22
KCVG,2015-5-30,84,68,75.13,0.03,18,29.14
KCVG,2015-5-31,71,57,65.22,0.03,18,29.17
KCVG,2015-6-1,58,53,55,0.04,16,29.19
KCVG,2015-6-2,62,53,57.28,0.16,13,29.2
KCVG,2015-6-3,73,53,62.65,0.00,7,29.14
KCVG,2015-6-4,82,55,68.56,0.08,9,29.14
KCVG,2015-6-5,85,56,72.04,0.00,10,29.13
KCVG,2015-6-6,79,65,70.48,0.03,14,29.14
KCVG,2015-6-7,87,59,74.32,0.00,14,29.07
KCVG,2015-6-8,77,62,73,0.00,29,28.94
KCVG,2015-6-9,82,57,66.92,0.19,12,28.95
KCVG,2015-6-10,90,59,76.29,0.00,12,28.96
KCVG,2015-6-11,91,64,79.13,0.00,14,29.02
KCVG,2015-6-12,91,69,77.85,0.00,23,29.07
KCVG,2015-6-13,89,69,79.25,0.10,13,29.14
KCVG,2015-6-14,90,74,81.65,0.00,14,29.14
KCVG,2015-6-15,90,72,81.28,0.00,16,29.14
KCVG,2015-6-16,86,72,77.21,0.26,16,29.16
KCVG,2015-6-17,84,70,75.64,0.52,22,29.14
KCVG,2015-6-18,87,70,75.67,0.13,15,29.14
KCVG,2015-6-19,76,68,71.84,1.62,12,29.15
KCVG,2015-6-20,81,69,72.65,0.91,16,28.99
KCVG,2015-6-21,85,67,77.21,0.28,18,29.1
KCVG,2015-6-22,86,68,78.04,0.00,14,29.14
KCVG,2015-6-23,88,72,80.36,0.00,17,29.14
KCVG,2015-6-24,83,65,73.54,0.00,9,29.23
KCVG,2015-6-25,83,64,71.93,0.00,21,29.25
KCVG,2015-6-26,80,66,72.55,0.79,15,29.04
KCVG,2015-6-27,69,60,66.33,0.13,20,28.96
KCVG,2015-6-28,79,56,67.33,0.00,17,29.02
KCVG,2015-6-29,79,61,68.15,0.23,14,28.98
KCVG,2015-6-30,79,63,67.2,0.36,24,28.96
KCVG,2015-7-1,78,59,67.83,1.63,6,29.01
KCVG,2015-7-2,77,67,71.22,0.00,10,28.98
KCVG,2015-7-3,76,66,71.14,1.69,14,28.96
KCVG,2015-7-4,80,67,73.04,0.00,8,29.11
KCVG,2015-7-5,79,65,72.33,0.00,8,29.16
KCVG,2015-7-6,84,62,73.75,0.00,9,29.16
KCVG,2015-7-7,81,69,74.9,0.00,18,29.08
KCVG,2015-7-8,73,66,69.42,0.10,9,29.13
KCVG,2015-7-9,81,68,74.4,0.42,20,29.14
KCVG,2015-7-10,73,64,68.97,0.02,12,29.18
KCVG,2015-7-11,81,61,68.67,0.12,6,29.24
KCVG,2015-7-12,85,68,75.7,0.28,15,29.14
KCVG,2015-7-13,81,66,71.12,0.14,40,28.99
KCVG,2015-7-14,88,69,77.44,0.60,38,28.83
KCVG,2015-7-15,81,64,71.91,0.07,12,29.08
KCVG,2015-7-16,82,63,72.58,0.00,8,29.12
KCVG,2015-7-17,88,68,77.07,0.00,18,29.04
KCVG,2015-7-18,89,69,79.2,0.16,12,29.05
KCVG,2015-7-19,89,71,78.45,0.16,13,29.06
KCVG,2015-7-20,85,72,78.3,0.00,10,28.97
KCVG,2015-7-21,85,71,76.37,0.08,16,28.97
KCVG,2015-7-22,80,62,72,0.00,10,29.06
KCVG,2015-7-23,83,64,73.71,0.00,9,29.09
KCVG,2015-7-24,86,64,75.25,0.00,10,29.12
KCVG,2015-7-25,86,61,75.74,0.00,7,29.1
KCVG,2015-7-26,85,66,75.81,0.00,21,29.05
KCVG,2015-7-27,88,73,77.97,0.07,10,29.07
KCVG,2015-7-28,91,73,82.28,0.00,8,29.06
KCVG,2015-7-29,90,73,78.71,0.00,20,29.06
KCVG,2015-7-30,84,69,76.71,0.96,17,29.14
KCVG,2015-7-31,87,65,76.13,0.00,16,29.13
KCVG,2015-8-1,83,61,73.83,0.00,10,29.08
KCVG,2015-8-2,86,61,74.46,0.00,10,29.06
KCVG,2015-8-3,86,63,71.81,0.62,37,29.03
KCVG,2015-8-4,84,65,74.52,0.00,12,29.09
KCVG,2015-8-5,85,64,75.63,0.00,10,29.13
KCVG,2015-8-6,74,64,66.72,0.18,16,29.02
KCVG,2015-8-7,83,64,71.31,0.51,12,28.98
KCVG,2015-8-8,82,63,73.83,0.00,7,29.05
KCVG,2015-8-9,82,67,75.33,0.00,10,29.1
KCVG,2015-8-10,87,70,75.72,0.00,26,29.02
KCVG,2015-8-11,82,69,73.32,0.57,15,29.1
KCVG,2015-8-12,79,62,70.63,0.00,14,29.17
KCVG,2015-8-13,81,58,70.54,0.00,6,29.22
KCVG,2015-8-14,84,59,72.58,0.00,7,29.26
KCVG,2015-8-15,83,63,71.48,0.00,9,29.23
KCVG,2015-8-16,89,61,75.08,0.00,9,29.25
KCVG,2015-8-17,82,69,75.42,0.00,8,29.19
KCVG,2015-8-18,84,67,74.81,0.00,8,29.09
KCVG,2015-8-19,82,69,73.97,0.00,16,28.94
KCVG,2015-8-20,76,59,69.03,0.72,16,29.14
KCVG,2015-8-21,80,56,68.67,0.00,7,29.22
KCVG,2015-8-22,80,59,70.67,0.00,10,29.21
KCVG,2015-8-23,85,65,75.21,0.00,21,29.1
KCVG,2015-8-24,76,59,67.79,0.00,17,29.09
KCVG,2015-8-25,75,54,63.83,0.00,13,29.11
KCVG,2015-8-26,76,59,67.61,0.00,8,29.19
KCVG,2015-8-27,75,61,68.04,0.00,9,29.24
KCVG,2015-8-28,80,55,67.15,0.00,10,29.25
KCVG,2015-8-29,85,66,73.79,0.00,14,29.19
KCVG,2015-8-30,86,65,74.58,0.01,13,29.17
KCVG,2015-8-31,86,65,75.96,0.00,8,29.2
KCVG,2015-9-1,88,66,76.67,0.00,8,29.2
KCVG,2015-9-2,89,65,77.83,0.00,10,29.19
KCVG,2015-9-3,91,67,78.71,0.00,10,29.11
KCVG,2015-9-4,92,67,78.07,0.00,29,29.17
KCVG,2015-9-5,90,65,75.31,0.17,24,29.21
KCVG,2015-9-6,90,66,75.03,0.14,8,29.2
KCVG,2015-9-7,91,68,78.22,0.02,7,29.17
KCVG,2015-9-8,89,67,78.75,0.00,10,29.1
KCVG,2015-9-9,76,68,72.55,0.00,12,29.04
KCVG,2015-9-10,84,66,73.9,0.20,9,28.99
KCVG,2015-9-11,81,60,66.15,0.00,14,28.97
KCVG,2015-9-12,64,54,59.52,0.00,13,29.01
KCVG,2015-9-13,69,50,58.79,0.02,12,29.15
KCVG,2015-9-14,75,47,61.04,0.00,10,29.31
KCVG,2015-9-15,80,52,67.43,0.00,9,29.41
KCVG,2015-9-16,81,58,69.58,0.00,6,29.39
KCVG,2015-9-17,82,56,68.92,0.00,12,29.25
KCVG,2015-9-18,83,57,70.63,0.00,18,29.12
KCVG,2015-9-19,75,61,69.4,0.00,16,29.12
KCVG,2015-9-20,73,55,63.42,0.05,16,29.22
KCVG,2015-9-21,77,53,65.08,0.00,9,29.17
KCVG,2015-9-22,80,54,67.21,0.00,14,29.26
KCVG,2015-9-23,82,57,69.87,0.00,13,29.32
KCVG,2015-9-24,84,59,71.67,0.00,10,29.28
KCVG,2015-9-25,74,60,67.42,0.00,15,29.25
KCVG,2015-9-26,70,62,65.33,0.06,16,29.26
KCVG,2015-9-27,80,62,69.92,0.01,13,29.23
KCVG,2015-9-28,82,63,72,0.00,8,29.14
KCVG,2015-9-29,72,66,69.66,0.08,12,29.05
KCVG,2015-9-30,67,58,62.09,1.05,20,29.11
