KMDW,2015-4-1,74,44,59.25,0.00,21,29.4
KMDW,2015-4-2,67,52,58.47,0.02,15,29.2
KMDW,2015-4-3,55,34,47.2,0.25,20,29.52
KMDW,2015-4-4,61,32,46.42,0.00,22,29.61
KMDW,2015-4-5,68,48,57.63,0.00,18,29.44
KMDW,2015-4-6,63,42,52,0.00,16,29.4
KMDW,2015-4-7,49,41,44,0.11,17,29.44
KMDW,2015-4-8,54,43,46.48,0.00,14,29.33
KMDW,2015-4-9,74,46,59.24,0.21,35,29.2
KMDW,2015-4-10,62,42,49.89,0.82,30,29.49
KMDW,2015-4-11,63,40,52.88,0.00,14,29.6
KMDW,2015-4-12,70,48,60.29,0.00,20,29.5
KMDW,2015-4-13,69,56,62.07,0.11,21,29.51
KMDW,2015-4-14,66,48,57.5,0.03,10,29.61
KMDW,2015-4-15,67,46,56.58,0.00,21,29.61
KMDW,2015-4-16,63,47,52.77,0.34,13,29.49
KMDW,2015-4-17,78,50,65.38,0.00,9,29.44
KMDW,2015-4-18,66,50,58.92,0.00,21,29.42
KMDW,2015-4-19,68,51,56.59,0.00,16,29.29
KMDW,2015-4-20,56,44,50,0.42,25,28.97
KMDW,2015-4-21,57,42,47.25,0.00,31,29.05
KMDW,2015-4-22,47,37,42,0.00,22,29.23
KMDW,2015-4-23,56,35,44.54,0.00,17,29.39
KMDW,2015-4-24,59,37,47.83,0.00,17,29.42
KMDW,2015-4-25,48,41,45.45,0.29,24,29.21
KMDW,2015-4-26,57,40,48.17,0.34,21,29.37
KMDW,2015-4-27,56,43,48.92,0.00,21,29.46
KMDW,2015-4-28,59,39,49.71,0.00,14,29.5
KMDW,2015-4-29,63,43,52.42,0.00,16,29.31
KMDW,2015-4-30,51,43,47.5,0.00,22,29.43
KMDW,2015-5-1,65,40,54.79,0.00,12,29.51
KMDW,2015-5-2,78,54,67.13,0.00,14,29.43
KMDW,2015-5-3,81,61,69.88,0.00,23,29.32
KMDW,2015-5-4,73,57,66.11,0.20,16,29.51
KMDW,2015-5-5,60,51,54.76,0.78,15,29.56
KMDW,2015-5-6,81,51,60.7,0.01,12,29.53
KMDW,2015-5-7,86,58,74.2,0.00,22,29.4
KMDW,2015-5-8,83,66,71.7,0.00,23,29.31
KMDW,2015-5-9,66,49,56.9,0.59,16,29.44
KMDW,2015-5-10,58,47,50.45,0.18,12,29.4
KMDW,2015-5-11,70,50,62.44,0.05,24,29.28
KMDW,2015-5-12,57,49,52.64,0.14,25,29.64
KMDW,2015-5-13,53,45,48.46,0.00,16,29.84
KMDW,2015-5-14,68,46,58.25,0.00,15,29.71
KMDW,2015-5-15,79,60,69.07,0.16,17,29.36
KMDW,2015-5-16,81,67,72.94,0.00,14,29.36
KMDW,2015-5-17,84,69,75.03,0.00,23,29.33
KMDW,2015-5-18,80,51,70.21,0.00,23,29.47
KMDW,2015-5-19,53,44,49,0.00,16,29.59
KMDW,2015-5-20,50,44,46.58,0.00,16,29.58
KMDW,2015-5-21,69,48,58,0.02,16,29.45
KMDW,2015-5-22,68,50,59.13,0.00,16,29.62
KMDW,2015-5-23,82,55,68.83,0.00,13,29.68
KMDW,2015-5-24,76,63,68.83,0.01,13,29.53
KMDW,2015-5-25,81,68,74.93,0.43,24,29.3
KMDW,2015-5-26,77,69,72.13,0.06,25,29.28
KMDW,2015-5-27,75,64,70.44,0.00,24,29.46
KMDW,2015-5-28,83,61,72.58,0.00,15,29.54
KMDW,2015-5-29,83,71,77,0.00,16,29.39
KMDW,2015-5-30,73,47,58.74,0.23,24,29.44
KMDW,2015-5-31,56,44,49.06,0.77,22,29.55
KMDW,2015-6-1,61,49,53.83,0.02,16,29.58
KMDW,2015-6-2,70,46,59.46,0.00,13,29.54
KMDW,2015-6-3,79,56,67,0.00,12,29.43
KMDW,2015-6-4,82,62,73.25,0.00,13,29.37
KMDW,2015-6-5,73,57,62.3,0.00,24,29.47
KMDW,2015-6-6,72,54,62.15,0.00,15,29.51
KMDW,2015-6-7,82,60,70.59,0.00,17,29.3
KMDW,2015-6-8,86,64,74.05,0.44,20,29.13
KMDW,2015-6-9,87,62,75.25,0.10,14,29.18
KMDW,2015-6-10,93,73,80.1,0.08,21,29.17
KMDW,2015-6-11,77,66,69.81,0.01,13,29.22
KMDW,2015-6-12,74,58,65.1,0.28,18,29.28
KMDW,2015-6-13,87,58,69.76,0.09,17,29.3
KMDW,2015-6-14,85,71,75.89,1.44,16,29.28
KMDW,2015-6-15,82,71,75.35,0.00,24,29.29
KMDW,2015-6-16,73,60,68.44,1.75,18,29.49
KMDW,2015-6-17,72,58,64.79,0.00,8,29.39
KMDW,2015-6-18,82,61,72.59,0.33,25,29.38
KMDW,2015-6-19,68,57,62.13,0.48,15,29.43
KMDW,2015-6-20,81,58,70.3,0.00,20,29.28
KMDW,2015-6-21,87,71,78.54,0.22,14,29.29
KMDW,2015-6-22,85,73,78.51,0.00,22,29.3
KMDW,2015-6-23,80,69,75.08,0.04,20,29.44
KMDW,2015-6-24,79,66,72.71,0.00,12,29.49
KMDW,2015-6-25,81,66,71.29,0.00,14,29.36
KMDW,2015-6-26,69,61,65.13,0.02,13,29.35
KMDW,2015-6-27,77,59,67.71,0.70,16,29.33
KMDW,2015-6-28,80,59,70.63,0.00,16,29.27
KMDW,2015-6-29,73,67,69.97,0.02,9,29.16
KMDW,2015-6-30,79,62,69.69,0.00,17,29.26
KMDW,2015-7-1,67,58,62.07,0.00,13,29.33
KMDW,2015-7-2,70,56,62.67,0.00,16,29.33
KMDW,2015-7-3,76,62,69.21,0.00,12,29.32
KMDW,2015-7-4,83,63,73.2,0.00,9,29.36
KMDW,2015-7-5,85,66,77.17,0.00,10,29.42
KMDW,2015-7-6,88,71,77.34,0.00,22,29.35
KMDW,2015-7-7,68,59,62.91,0.76,22,29.43
KMDW,2015-7-8,68,59,63.24,0.05,12,29.45
KMDW,2015-7-9,73,61,66.27,0.04,13,29.39
KMDW,2015-7-10,81,63,72.71,0.00,9,29.46
KMDW,2015-7-11,81,66,73.67,0.00,10,29.5
KMDW,2015-7-12,83,69,75.43,0.09,12,29.35
KMDW,2015-7-13,88,70,77.89,0.00,30,29.22
KMDW,2015-7-14,83,65,74.83,0.66,20,29.25
KMDW,2015-7-15,76,62,67.92,0.00,16,29.37
KMDW,2015-7-16,79,64,71.55,0.00,16,29.37
KMDW,2015-7-17,92,74,82.68,0.52,13,29.18
KMDW,2015-7-18,91,76,82.13,0.03,20,29.23
KMDW,2015-7-19,88,75,81.42,0.03,16,29.26
KMDW,2015-7-20,88,68,77.92,0.00,14,29.24
KMDW,2015-7-21,82,71,76.42,0.00,12,29.28
KMDW,2015-7-22,83,68,76.25,0.00,12,29.32
KMDW,2015-7-23,85,69,77.96,0.00,12,29.35
KMDW,2015-7-24,86,71,79.54,0.00,17,29.38
KMDW,2015-7-25,91,74,80.33,0.00,17,29.28
KMDW,2015-7-26,82,71,77.42,0.00,9,29.3
KMDW,2015-7-27,89,72,80.83,0.00,16,29.35
KMDW,2015-7-28,93,74,84.32,0.00,16,29.33
KMDW,2015-7-29,90,76,81.88,0.07,17,29.35
KMDW,2015-7-30,89,69,80.42,0.00,17,29.4
KMDW,2015-7-31,89,71,79.92,0.00,22,29.36
KMDW,2015-8-1,88,67,78.63,0.00,15,29.32
KMDW,2015-8-2,94,68,81.59,0.00,31,29.23
KMDW,2015-8-3,83,69,75.8,1.06,16,29.25
KMDW,2015-8-4,84,65,75.04,0.00,16,29.36
KMDW,2015-8-5,83,66,75.5,0.00,14,29.39
KMDW,2015-8-6,84,71,76.21,0.00,14,29.31
KMDW,2015-8-7,84,69,77.42,0.00,13,29.27
KMDW,2015-8-8,84,72,76.65,0.00,10,29.3
KMDW,2015-8-9,82,70,74.83,0.00,10,29.32
KMDW,2015-8-10,85,72,77,0.00,18,29.26
KMDW,2015-8-11,81,69,74.67,0.25,16,29.43
KMDW,2015-8-12,78,65,72.54,0.00,10,29.52
KMDW,2015-8-13,85,67,76.71,0.00,16,29.47
KMDW,2015-8-14,90,72,78.85,0.00,28,29.47
KMDW,2015-8-15,88,70,77.81,0.29,24,29.47
KMDW,2015-8-16,90,73,81.71,0.05,16,29.46
KMDW,2015-8-17,90,72,79.04,0.00,21,29.4
KMDW,2015-8-18,84,70,74.69,0.70,16,29.3
KMDW,2015-8-19,78,65,72.63,0.00,21,29.1
KMDW,2015-8-20,75,61,67.35,0.00,22,29.36
KMDW,2015-8-21,83,60,73.13,0.00,14,29.43
KMDW,2015-8-22,82,67,75.21,0.00,17,29.45
KMDW,2015-8-23,78,67,72.77,0.00,20,29.29
KMDW,2015-8-24,75,57,66.54,0.09,23,29.32
KMDW,2015-8-25,73,62,65.38,0.00,13,29.41
KMDW,2015-8-26,67,60,63.8,0.00,9,29.51
KMDW,2015-8-27,75,57,66,0.00,12,29.56
KMDW,2015-8-28,75,62,69.92,0.00,9,29.48
KMDW,2015-8-29,76,66,70.2,0.22,12,29.41
KMDW,2015-8-30,78,67,71.13,0.15,9,29.41
KMDW,2015-8-31,86,66,76.4,0.00,8,29.41
KMDW,2015-9-1,89,74,81.5,0.00,16,29.39
KMDW,2015-9-2,91,74,82.42,0.00,14,29.4
KMDW,2015-9-3,93,74,81.92,0.00,16,29.29
KMDW,2015-9-4,85,72,76.56,0.00,16,29.39
KMDW,2015-9-5,85,73,77.44,0.00,13,29.47
KMDW,2015-9-6,94,74,84.13,0.02,14,29.42
KMDW,2015-9-7,89,77,83.33,0.00,14,29.34
KMDW,2015-9-8,86,72,76.57,0.00,22,29.29
KMDW,2015-9-9,77,66,71.32,0.00,14,29.35
KMDW,2015-9-10,76,60,65.48,0.00,14,29.32
KMDW,2015-9-11,67,57,62.77,0.22,21,29.37
KMDW,2015-9-12,65,54,58.19,0.24,18,29.39
KMDW,2015-9-13,70,51,61.54,0.13,14,29.39
KMDW,2015-9-14,83,56,69.63,0.00,20,29.44
KMDW,2015-9-15,84,65,73.67,0.00,17,29.57
KMDW,2015-9-16,84,63,73.75,0.00,18,29.57
KMDW,2015-9-17,86,66,76.63,0.00,18,29.43
KMDW,2015-9-18,78,68,72.02,0.00,18,29.2
KMDW,2015-9-19,70,58,64.88,1.70,23,29.45
KMDW,2015-9-20,71,54,62.79,0.00,9,29.56
KMDW,2015-9-21,73,57,64.67,0.00,12,29.51
KMDW,2015-9-22,80,58,69,0.00,10,29.56
KMDW,2015-9-23,79,62,70.54,0.00,13,29.61
KMDW,2015-9-24,78,63,69.58,0.00,12,29.61
KMDW,2015-9-25,75,64,69.58,0.00,15,29.58
KMDW,2015-9-26,75,61,69.67,0.00,15,29.61
KMDW,2015-9-27,75,67,69.88,0.00,10,29.47
KMDW,2015-9-28,80,68,73.62,0.00,9,29.36
KMDW,2015-9-29,72,59,63.64,0.00,22,29.45
KMDW,2015-9-30,62,57,59.04,0.00,23,29.57
