KMKE,2015-4-1,62,35,49.71,0.00,20,29.31
KMKE,2015-4-2,65,52,57.31,0.02,15,29.09
KMKE,2015-4-3,53,28,39.83,0.04,20,29.41
KMKE,2015-4-4,57,26,42.83,0.00,23,29.45
KMKE,2015-4-5,46,35,39.96,0.00,16,29.34
KMKE,2015-4-6,47,33,38.23,0.00,20,29.35
KMKE,2015-4-7,42,36,38.29,0.07,21,29.42
KMKE,2015-4-8,38,36,37.63,0.39,17,29.29
KMKE,2015-4-9,53,37,41.12,0.81,23,29.17
KMKE,2015-4-10,56,38,43.97,2.47,30,29.35
KMKE,2015-4-11,62,39,49.58,0.17,13,29.47
KMKE,2015-4-12,68,39,55.75,0.00,17,29.37
KMKE,2015-4-13,66,55,58.63,0.02,21,29.39
KMKE,2015-4-14,61,42,51.67,0.03,10,29.52
KMKE,2015-4-15,52,38,45.46,0.00,15,29.58
KMKE,2015-4-16,53,41,47.07,0.00,18,29.45
KMKE,2015-4-17,75,47,57.13,0.00,15,29.33
KMKE,2015-4-18,55,42,47.08,0.00,25,29.4
KMKE,2015-4-19,55,42,46.59,0.00,20,29.26
KMKE,2015-4-20,50,43,46.32,1.05,23,28.81
KMKE,2015-4-21,44,38,41.46,0.01,22,28.9
KMKE,2015-4-22,44,34,38.24,0.00,22,29.13
KMKE,2015-4-23,49,33,39.71,0.00,16,29.29
KMKE,2015-4-24,48,32,40,0.00,10,29.33
KMKE,2015-4-25,42,38,40.04,0.15,22,29.21
KMKE,2015-4-26,50,36,42.67,0.00,15,29.32
KMKE,2015-4-27,51,39,44.5,0.00,16,29.39
KMKE,2015-4-28,51,39,45.71,0.00,14,29.42
KMKE,2015-4-29,52,38,45.08,0.00,17,29.24
KMKE,2015-4-30,46,40,42.68,0.00,20,29.35
KMKE,2015-5-1,61,40,51.54,0.00,12,29.42
KMKE,2015-5-2,76,51,63,0.00,15,29.32
KMKE,2015-5-3,77,59,66.5,0.00,20,29.19
KMKE,2015-5-4,68,51,60.42,0.00,18,29.45
KMKE,2015-5-5,52,44,46.97,0.11,16,29.55
KMKE,2015-5-6,59,45,49.15,0.33,9,29.5
KMKE,2015-5-7,80,45,62.76,0.00,18,29.32
KMKE,2015-5-8,79,65,70.88,0.00,17,29.24
KMKE,2015-5-9,63,46,49.36,0.24,25,29.38
KMKE,2015-5-10,46,41,43.38,0.00,25,29.35
KMKE,2015-5-11,69,45,55.8,0.06,24,29.2
KMKE,2015-5-12,54,46,50.25,0.11,23,29.52
KMKE,2015-5-13,49,37,43.67,0.00,14,29.75
KMKE,2015-5-14,57,41,49.63,0.00,16,29.63
KMKE,2015-5-15,75,47,62.19,0.06,14,29.28
KMKE,2015-5-16,65,47,53.4,0.00,8,29.29
KMKE,2015-5-17,78,47,61,0.00,23,29.26
KMKE,2015-5-18,75,50,65.46,0.21,23,29.36
KMKE,2015-5-19,51,38,45.93,0.00,16,29.51
KMKE,2015-5-20,50,37,45.33,0.00,8,29.51
KMKE,2015-5-21,71,44,57.67,0.00,15,29.34
KMKE,2015-5-22,56,43,50.17,0.00,10,29.53
KMKE,2015-5-23,74,47,61.33,0.00,17,29.58
KMKE,2015-5-24,66,51,57.54,0.00,10,29.44
KMKE,2015-5-25,78,54,67.49,0.32,23,29.17
KMKE,2015-5-26,76,60,66.67,0.01,24,29.17
KMKE,2015-5-27,72,59,65.03,0.36,15,29.35
KMKE,2015-5-28,80,59,68.92,0.01,16,29.44
KMKE,2015-5-29,78,59,70.52,0.00,18,29.31
KMKE,2015-5-30,71,42,54.41,0.24,25,29.45
KMKE,2015-5-31,52,41,46.28,0.37,23,29.5
KMKE,2015-6-1,56,42,48.75,0.00,15,29.55
KMKE,2015-6-2,63,41,53.96,0.00,12,29.47
KMKE,2015-6-3,66,48,59.08,0.00,16,29.34
KMKE,2015-6-4,82,57,70.38,0.00,14,29.29
KMKE,2015-6-5,63,51,56.77,0.00,20,29.44
KMKE,2015-6-6,63,47,54.36,0.00,18,29.47
KMKE,2015-6-7,80,52,69.42,0.00,25,29.2
KMKE,2015-6-8,81,60,71.08,0.11,26,29.01
KMKE,2015-6-9,86,61,72.88,0.03,14,29.07
KMKE,2015-6-10,85,64,75.58,0.00,16,29.11
KMKE,2015-6-11,63,51,56,0.00,18,29.2
KMKE,2015-6-12,59,52,54.19,1.16,20,29.23
KMKE,2015-6-13,67,54,58.64,0.07,10,29.24
KMKE,2015-6-14,79,56,65.09,0.33,7,29.2
KMKE,2015-6-15,80,62,69.13,0.10,17,29.25
KMKE,2015-6-16,67,55,62.44,0.28,15,29.44
KMKE,2015-6-17,68,54,61.37,0.00,10,29.32
KMKE,2015-6-18,83,53,67.73,0.14,24,29.35
KMKE,2015-6-19,62,50,55.54,0.00,15,29.41
KMKE,2015-6-20,74,51,64.5,0.00,16,29.24
KMKE,2015-6-21,83,66,73.42,0.00,17,29.19
KMKE,2015-6-22,82,66,74.47,0.00,33,29.2
KMKE,2015-6-23,78,62,69.46,0.25,16,29.34
KMKE,2015-6-24,78,60,69.92,0.00,14,29.39
KMKE,2015-6-25,70,58,64.44,0.00,10,29.29
KMKE,2015-6-26,64,55,59.71,0.02,17,29.31
KMKE,2015-6-27,72,58,63.71,0.00,17,29.28
KMKE,2015-6-28,72,53,64.71,0.00,12,29.18
KMKE,2015-6-29,73,62,66.63,0.00,10,29.08
KMKE,2015-6-30,71,54,63.19,0.00,20,29.19
KMKE,2015-7-1,62,52,56,0.00,13,29.28
KMKE,2015-7-2,64,52,57.75,0.00,13,29.31
KMKE,2015-7-3,73,53,63.21,0.00,10,29.27
KMKE,2015-7-4,79,60,70.83,0.00,14,29.27
KMKE,2015-7-5,81,63,72.71,0.00,17,29.32
KMKE,2015-7-6,85,64,74.37,0.00,18,29.26
KMKE,2015-7-7,65,55,60.71,0.00,15,29.36
KMKE,2015-7-8,62,53,58.25,0.00,10,29.39
KMKE,2015-7-9,71,58,63.85,0.00,10,29.3
KMKE,2015-7-10,78,58,69.67,0.00,12,29.37
KMKE,2015-7-11,78,63,70.29,0.00,12,29.4
KMKE,2015-7-12,77,63,71.17,0.00,14,29.28
KMKE,2015-7-13,88,65,74.93,0.37,28,29.1
KMKE,2015-7-14,77,61,69.48,0.19,16,29.18
KMKE,2015-7-15,70,57,62.58,0.00,12,29.3
KMKE,2015-7-16,69,59,63.9,0.00,18,29.29
KMKE,2015-7-17,90,66,77.38,0.46,14,29.06
KMKE,2015-7-18,82,69,75.69,0.00,16,29.14
KMKE,2015-7-19,82,70,76.71,0.11,15,29.17
KMKE,2015-7-20,81,67,75.42,0.00,17,29.13
KMKE,2015-7-21,79,64,71.13,0.00,17,29.18
KMKE,2015-7-22,80,62,72.21,0.00,13,29.24
KMKE,2015-7-23,82,66,75,0.00,13,29.27
KMKE,2015-7-24,84,66,77.23,0.00,18,29.28
KMKE,2015-7-25,84,67,75.79,0.00,16,29.22
KMKE,2015-7-26,79,62,71.08,0.00,7,29.24
KMKE,2015-7-27,85,64,74.92,0.00,10,29.29
KMKE,2015-7-28,86,67,77.04,0.00,17,29.28
KMKE,2015-7-29,86,73,79.71,0.00,20,29.24
KMKE,2015-7-30,88,67,78.67,0.00,25,29.28
KMKE,2015-7-31,84,68,77.21,0.00,22,29.25
KMKE,2015-8-1,85,66,74.71,0.00,13,29.23
KMKE,2015-8-2,92,68,78.18,0.00,31,29.11
KMKE,2015-8-3,81,66,73.71,0.46,21,29.15
KMKE,2015-8-4,80,62,71.58,0.00,16,29.28
KMKE,2015-8-5,72,63,67.6,0.00,13,29.33
KMKE,2015-8-6,75,62,69.08,0.00,13,29.27
KMKE,2015-8-7,78,66,70.58,0.00,16,29.19
KMKE,2015-8-8,73,65,68.66,0.06,13,29.24
KMKE,2015-8-9,75,65,69.19,0.00,12,29.24
KMKE,2015-8-10,80,64,71.67,0.00,14,29.18
KMKE,2015-8-11,76,64,69.68,0.96,16,29.37
KMKE,2015-8-12,74,61,68.8,0.00,12,29.44
KMKE,2015-8-13,84,68,75.38,0.00,21,29.32
KMKE,2015-8-14,93,67,78.28,0.00,24,29.33
KMKE,2015-8-15,86,67,76.63,0.18,12,29.36
KMKE,2015-8-16,89,73,80.21,0.00,16,29.34
KMKE,2015-8-17,87,70,76.03,0.00,14,29.29
KMKE,2015-8-18,78,68,72.71,0.26,26,29.18
KMKE,2015-8-19,73,62,69.63,0.62,25,28.95
KMKE,2015-8-20,70,58,63.74,0.00,20,29.25
KMKE,2015-8-21,82,56,70.2,0.00,16,29.33
KMKE,2015-8-22,79,64,71,0.00,18,29.35
KMKE,2015-8-23,74,62,68.83,0.00,21,29.2
KMKE,2015-8-24,69,56,61.75,0.02,21,29.21
KMKE,2015-8-25,64,58,60.27,0.00,15,29.32
KMKE,2015-8-26,65,56,60.63,0.00,9,29.42
KMKE,2015-8-27,71,55,63.25,0.00,16,29.47
KMKE,2015-8-28,73,57,64.81,0.00,10,29.39
KMKE,2015-8-29,64,57,62.08,0.80,15,29.32
KMKE,2015-8-30,71,62,65.42,0.10,9,29.33
KMKE,2015-8-31,80,60,67.23,0.00,13,29.32
KMKE,2015-9-1,89,66,78.75,0.00,15,29.29
KMKE,2015-9-2,88,74,80.5,0.00,14,29.29
KMKE,2015-9-3,85,64,72.1,0.00,13,29.22
KMKE,2015-9-4,76,64,68.36,0.00,10,29.3
KMKE,2015-9-5,87,65,71.89,0.28,13,29.35
KMKE,2015-9-6,90,72,80.88,0.00,17,29.31
KMKE,2015-9-7,86,74,79.38,0.00,14,29.24
KMKE,2015-9-8,76,68,72.39,0.07,15,29.2
KMKE,2015-9-9,72,59,67.08,1.11,10,29.29
KMKE,2015-9-10,70,56,64.28,0.00,13,29.23
KMKE,2015-9-11,63,54,59.2,0.02,16,29.31
KMKE,2015-9-12,63,50,56.21,0.00,15,29.33
KMKE,2015-9-13,70,51,60.46,0.00,12,29.29
KMKE,2015-9-14,81,52,67.96,0.00,20,29.29
KMKE,2015-9-15,84,64,71.96,0.00,20,29.42
KMKE,2015-9-16,82,61,71.71,0.00,21,29.43
KMKE,2015-9-17,84,64,71.33,0.00,21,29.31
KMKE,2015-9-18,72,61,65.52,1.21,17,29.18
KMKE,2015-9-19,70,56,61.34,1.12,24,29.36
KMKE,2015-9-20,69,51,59.71,0.00,15,29.46
KMKE,2015-9-21,70,52,60.67,0.00,15,29.42
KMKE,2015-9-22,78,53,64.83,0.00,12,29.47
KMKE,2015-9-23,75,56,64.26,0.00,9,29.54
KMKE,2015-9-24,69,59,63.54,0.00,12,29.55
KMKE,2015-9-25,69,60,63.56,0.00,14,29.55
KMKE,2015-9-26,70,61,64.29,0.00,13,29.55
KMKE,2015-9-27,69,59,64.86,0.00,10,29.4
KMKE,2015-9-28,79,64,69.92,0.00,12,29.27
KMKE,2015-9-29,67,54,58.34,0.41,23,29.43
KMKE,2015-9-30,59,52,55.6,0.22,21,29.54
