KSNA,2015-4-1,71,59,64,0.00,10,29.97
KSNA,2015-4-2,71,56,63.54,0.00,13,29.96
KSNA,2015-4-3,82,55,69.08,0.00,9,29.99
KSNA,2015-4-4,78,55,66.79,0.00,14,29.9
KSNA,2015-4-5,68,57,61.33,0.00,15,29.86
KSNA,2015-4-6,64,57,59.88,0.00,10,29.95
KSNA,2015-4-7,66,52,58.69,0.00,13,30.01
KSNA,2015-4-8,66,52,59.33,0.01,10,30.03
KSNA,2015-4-9,70,53,61.17,0.00,9,29.92
KSNA,2015-4-10,68,54,60.5,0.00,10,29.97
KSNA,2015-4-11,69,54,61.83,0.00,13,29.93
KSNA,2015-4-12,71,56,63.33,0.00,13,29.98
KSNA,2015-4-13,71,59,63.03,0.00,12,30.03
KSNA,2015-4-14,71,60,63.57,0.00,13,30.05
KSNA,2015-4-15,78,56,66,0.00,13,29.92
KSNA,2015-4-16,78,56,67.92,0.00,13,29.99
KSNA,2015-4-17,79,56,66.96,0.00,13,29.99
KSNA,2015-4-18,73,56,64.88,0.00,13,29.97
KSNA,2015-4-19,70,57,62.34,0.00,12,29.92
KSNA,2015-4-20,68,59,61.47,0.00,9,29.86
KSNA,2015-4-21,66,59,61.74,0.00,10,29.9
KSNA,2015-4-22,66,56,61.15,0.00,12,29.87
KSNA,2015-4-23,66,59,61.78,0.00,10,29.89
KSNA,2015-4-24,66,57,60.79,0.00,12,29.96
KSNA,2015-4-25,64,57,61.32,0.02,18,29.94
KSNA,2015-4-26,70,54,62.13,0.01,12,29.95
KSNA,2015-4-27,87,55,71.58,0.00,21,29.9
KSNA,2015-4-28,85,59,71.88,0.00,10,29.9
KSNA,2015-4-29,88,60,72.08,0.00,9,29.88
KSNA,2015-4-30,84,60,71.08,0.00,9,29.8
KSNA,2015-5-1,83,61,70.5,0.00,10,29.84
KSNA,2015-5-2,75,60,65.65,0.00,13,29.84
KSNA,2015-5-3,69,59,63,0.00,13,29.88
KSNA,2015-5-4,68,58,61.65,0.00,10,29.95
KSNA,2015-5-5,66,58,61.32,0.00,12,29.94
KSNA,2015-5-6,67,59,61.77,0.00,12,29.89
KSNA,2015-5-7,66,54,58.47,0.00,15,29.84
KSNA,2015-5-8,62,53,57.44,0.44,14,30
KSNA,2015-5-9,64,56,59.63,0.06,10,30.02
KSNA,2015-5-10,71,54,62.79,0.00,10,29.98
KSNA,2015-5-11,71,57,63.14,0.00,13,29.89
KSNA,2015-5-12,67,58,62.07,0.00,15,29.88
KSNA,2015-5-13,67,57,61.27,0.00,12,29.94
KSNA,2015-5-14,65,54,58.26,0.00,14,29.88
KSNA,2015-5-15,66,55,58.66,0.40,13,29.85
KSNA,2015-5-16,69,56,60.88,0.16,16,29.97
KSNA,2015-5-17,69,57,62.11,0.00,9,29.98
KSNA,2015-5-18,68,59,62.81,0.00,14,30.01
KSNA,2015-5-19,68,57,62.33,0.00,15,30.02
KSNA,2015-5-20,69,58,62.47,0.00,13,29.92
KSNA,2015-5-21,68,60,62.32,0.00,15,29.93
KSNA,2015-5-22,67,58,62.43,0.01,10,30.02
KSNA,2015-5-23,69,60,63.21,0.00,14,30.03
KSNA,2015-5-24,67,61,62.97,0.00,8,29.97
KSNA,2015-5-25,67,61,62.79,0.00,13,29.96
KSNA,2015-5-26,70,61,63.81,0.00,9,29.94
KSNA,2015-5-27,70,60,63.92,0.00,9,29.94
KSNA,2015-5-28,70,59,63.14,0.00,9,29.95
KSNA,2015-5-29,72,61,64.82,0.00,12,29.91
KSNA,2015-5-30,72,62,64.75,0.00,10,29.92
KSNA,2015-5-31,69,60,63.87,0.00,10,29.91
KSNA,2015-6-1,72,62,65.88,0.00,10,29.95
KSNA,2015-6-2,70,60,64.58,0.00,14,29.94
KSNA,2015-6-3,71,62,65.14,0.00,12,29.91
KSNA,2015-6-4,69,61,63.66,0.00,12,29.85
KSNA,2015-6-5,70,62,65.07,0.00,14,29.84
KSNA,2015-6-6,71,62,65.15,0.00,9,29.87
KSNA,2015-6-7,76,61,65.65,0.00,12,29.85
KSNA,2015-6-8,82,63,69,0.00,15,29.82
KSNA,2015-6-9,85,65,74.38,0.00,9,29.82
KSNA,2015-6-10,73,63,67.34,0.00,14,29.89
KSNA,2015-6-11,73,62,65.74,0.00,13,29.85
KSNA,2015-6-12,69,64,65.68,0.00,10,29.8
KSNA,2015-6-13,70,63,65.72,0.00,12,29.8
KSNA,2015-6-14,74,64,67.59,0.00,10,29.78
KSNA,2015-6-15,76,64,67.31,0.00,12,29.82
KSNA,2015-6-16,74,63,67.5,0.00,13,29.86
KSNA,2015-6-17,73,64,68.13,0.00,12,29.87
KSNA,2015-6-18,74,64,68.38,0.00,13,29.89
KSNA,2015-6-19,77,61,67.28,0.00,13,29.84
KSNA,2015-6-20,76,62,68.63,0.00,14,29.81
KSNA,2015-6-21,76,64,68.64,0.00,15,29.9
KSNA,2015-6-22,77,63,68.81,0.00,15,29.9
KSNA,2015-6-23,77,64,69.76,0.00,12,29.89
KSNA,2015-6-24,78,64,68.76,0.00,15,29.86
KSNA,2015-6-25,78,64,68.96,0.00,12,29.91
KSNA,2015-6-26,76,64,69.52,0.00,12,29.92
KSNA,2015-6-27,73,64,68.31,0.00,9,29.97
KSNA,2015-6-28,85,68,73.79,0.00,9,29.88
KSNA,2015-6-29,81,67,72.25,0.00,10,29.85
KSNA,2015-6-30,86,65,72.89,0.00,18,29.91
KSNA,2015-7-1,81,69,72.92,0.00,12,29.89
KSNA,2015-7-2,80,67,71.92,0.00,13,29.94
KSNA,2015-7-3,76,64,68.75,0.00,9,29.92
KSNA,2015-7-4,75,64,67.45,0.00,9,29.89
KSNA,2015-7-5,74,65,67.76,0.00,14,29.96
KSNA,2015-7-6,73,64,67.17,0.00,9,30
KSNA,2015-7-7,73,63,65.97,0.00,10,29.95
KSNA,2015-7-8,74,64,68.96,0.00,13,29.85
KSNA,2015-7-9,74,65,68,0.00,14,29.87
KSNA,2015-7-10,75,64,68.83,0.01,10,29.9
KSNA,2015-7-11,76,63,69.04,0.00,12,29.94
KSNA,2015-7-12,79,64,70.5,0.00,10,29.96
KSNA,2015-7-13,80,64,71.54,0.00,14,29.91
KSNA,2015-7-14,74,66,69.19,0.00,15,29.85
KSNA,2015-7-15,76,66,70.11,0.00,13,29.88
KSNA,2015-7-16,76,66,70.32,0.00,9,29.9
KSNA,2015-7-17,78,66,70.81,0.00,10,29.84
KSNA,2015-7-18,84,66,71.23,0.00,16,29.94
KSNA,2015-7-19,88,0,74.67,0.18,14,29.99
KSNA,2015-7-20,80,0,62.11,0.25,15,29.98
KSNA,2015-7-21,80,0,58.97,0.01,12,29.9
KSNA,2015-7-22,80,70,73.73,0.01,12,29.87
KSNA,2015-7-23,79,69,73.08,0.00,9,29.96
KSNA,2015-7-24,81,68,73.09,0.00,9,30.02
KSNA,2015-7-25,83,67,73.89,0.00,12,29.97
KSNA,2015-7-26,79,66,71.45,0.00,13,29.9
KSNA,2015-7-27,75,67,70.85,0.00,13,29.89
KSNA,2015-7-28,78,66,70.9,0.00,16,29.86
KSNA,2015-7-29,78,70,72.42,0.00,12,29.92
KSNA,2015-7-30,81,70,73.92,0.00,12,29.97
KSNA,2015-7-31,80,69,73.41,0.00,12,29.98
KSNA,2015-8-1,78,69,71.79,0.00,10,29.93
KSNA,2015-8-2,78,68,71.96,0.00,12,29.87
KSNA,2015-8-3,78,68,72.8,0.00,13,29.85
KSNA,2015-8-4,84,67,74.96,0.00,12,29.88
KSNA,2015-8-5,87,68,74.92,0.00,10,29.89
KSNA,2015-8-6,80,66,71.39,0.00,10,29.84
KSNA,2015-8-7,76,68,70.48,0.00,12,29.88
KSNA,2015-8-8,76,66,70.64,0.00,10,29.9
KSNA,2015-8-9,75,65,68.7,0.00,12,29.92
KSNA,2015-8-10,76,66,69.77,0.00,9,29.92
KSNA,2015-8-11,77,64,69.57,0.00,10,29.9
KSNA,2015-8-12,84,64,73.13,0.00,9,29.94
KSNA,2015-8-13,87,68,75.92,0.00,9,29.89
KSNA,2015-8-14,90,69,78.04,0.00,8,29.87
KSNA,2015-8-15,88,70,77.92,0.00,10,29.84
KSNA,2015-8-16,89,68,76.8,0.00,14,29.82
KSNA,2015-8-17,80,70,73,0.00,18,29.88
KSNA,2015-8-18,78,68,72.12,0.00,13,29.9
KSNA,2015-8-19,77,68,70.85,0.00,10,29.87
KSNA,2015-8-20,78,69,71.92,0.00,10,29.85
KSNA,2015-8-21,77,69,71.54,0.00,13,29.84
KSNA,2015-8-22,78,69,72.6,0.00,12,29.88
KSNA,2015-8-23,78,66,71.45,0.00,10,29.93
KSNA,2015-8-24,80,69,72.77,0.00,13,29.91
KSNA,2015-8-25,82,69,74.6,0.00,14,29.93
KSNA,2015-8-26,86,70,76.26,0.00,12,29.92
KSNA,2015-8-27,89,71,78,0.00,9,29.92
KSNA,2015-8-28,91,72,80.58,0.00,12,29.84
KSNA,2015-8-29,89,72,78.83,0.00,9,29.84
KSNA,2015-8-30,82,70,74.96,0.00,13,29.85
KSNA,2015-8-31,77,69,71.79,0.00,15,29.86
KSNA,2015-9-1,76,69,71.58,0.00,12,29.9
KSNA,2015-9-2,76,66,71.14,0.00,10,29.91
KSNA,2015-9-3,75,66,69.29,0.00,13,29.88
KSNA,2015-9-4,76,66,69.73,0.00,12,29.84
KSNA,2015-9-5,77,64,70.25,0.00,10,29.86
KSNA,2015-9-6,84,64,73.67,0.00,9,29.87
KSNA,2015-9-7,89,71,78.83,0.00,10,29.83
KSNA,2015-9-8,93,71,81.42,0.00,9,29.8
KSNA,2015-9-9,93,75,83,0.00,32,29.78
KSNA,2015-9-10,92,76,82.79,0.29,10,29.82
KSNA,2015-9-11,90,74,81.29,0.00,14,29.87
KSNA,2015-9-12,90,74,79.96,0.00,8,29.89
KSNA,2015-9-13,85,73,77.46,0.00,12,29.82
KSNA,2015-9-14,81,71,74.53,0.00,15,29.8
KSNA,2015-9-15,78,69,72.58,0.31,14,29.85
KSNA,2015-9-16,75,69,70.92,1.18,13,29.94
KSNA,2015-9-17,78,65,71.08,0.00,10,29.9
KSNA,2015-9-18,82,64,73.38,0.00,9,29.81
KSNA,2015-9-19,84,68,75.33,0.00,13,29.76
KSNA,2015-9-20,96,70,81.54,0.00,8,29.77
KSNA,2015-9-21,82,71,75.38,0.00,18,29.79
KSNA,2015-9-22,80,70,73.38,0.00,15,29.88
KSNA,2015-9-23,82,67,74.17,0.00,9,29.88
KSNA,2015-9-24,86,69,75.54,0.00,10,29.83
KSNA,2015-9-25,87,70,76.68,0.00,8,29.84
KSNA,2015-9-26,84,68,73.31,0.00,10,29.8
KSNA,2015-9-27,83,68,73.83,0.00,12,29.78
KSNA,2015-9-28,83,70,74.56,0.00,10,29.84
KSNA,2015-9-29,81,65,73,0.00,9,29.87
KSNA,2015-9-30,82,65,73.88,0.00,9,29.82
